4444444444444444444544444444444444444444
4444444444444444444544444444444444444444
4444444444444444444544444444444444444444
4444444444444444444544444444444444444444
4444444444444444444544444444444444444444
4444444444444444444544444444444444444444
4444444444444444444544444444444444444444
4444444444444444444544444444444444444444
4444444444444444444544444444444444444444
4444444444444444444544444444444444444444
4444444444444444444544444444444444444444
4444444444444444444544444444444444444444
4444444444444444444544444444444444444444
4444444444444444444544444444444444444444
4444444444444444444544444444444444444444
4444444444444444444544444444444444444444
4444444444444444444544444444444444444444
4444444444444444444544444444444444444444
4444444444444444444544444444444444444444
4444444444444444444544444444444444444444