00000000000000000000000000000000000000000000000000000000000000000000000000000000
00444444400000000000000000004444444440000000000000444400044440000000000000000000
04444444440000000000000000004444444440000000000000444400044440000000000000000000
04440004440000000000000000004400000444000000000000044400044400000000000000000000
00444000000000000000000000004400000444000000000000004440444000000000000000000000
00044400000000000000000000004400004440000000000000000044400000000000000000000000
00004440000000000000000000004400044400000000000000000044400000000000000000000000
00000444000000000000000000004400000000000000000000000044400000000000000000000000
00000044400000000000000000004400000000000000000000000044400000000000000000000000
04440004440000000000000000004400000000000000000000000044400000000000000000000000
04444444440000000000000000004400000000000000000000000044400000000000000000000000
00444444400000000000000000004400000000000000000000000044400000000000000000000000
00000000000000000000000000000000000000000000000000000000000000000000000000000000
00000000000000000000000000000000000000000000000000000000000000000000000000000000
00000000000000000000000000000000000000000000000000000000000000000000000000000000
00000000000000000000000000000000000000000000000000000000000000000000000000000000
00000000000000000000000004444440444440444440444000000000000000000000000000000000
00000000000000000000000000000000000000000000000000000000000000000000000000000000
00000000000000000000000000000000000000000000000000000000000000000000000000000000
00000000000000000000000000000000000000000000000000000000000000000000000000000000
00000000000000000000000000000000000000000000000000000000000000000000000000000000
00000000000000000000000000000000000000000000000000000000000000000000000000000000
00000000000000000000000000000000000000000000000000000000000000000000000000000000
00000000000000000000000000000000000000000000000000000000000000000000000000000000
00000000000000000000000000000000000000000000000000000000000000000000000000000000